-3.907650243490934101e-05
-7.231187826395034657e-01
-8.770352587103843467e-01
-8.900102901458740723e-01
-8.658845713734626415e-01
-1.829791374802589354e+00
-1.890221351385116488e+00
-1.853288198709488022e+00
-1.763031425476074165e+00
-1.859492943882942173e+00
-2.683222220540046887e+00
-2.742940065264702021e+00
-2.789048235416412336e+00
-2.925094081163406301e+00
-2.762720703494269348e+00
-3.814864722490310722e+00
-3.803131713867187624e+00
-3.793205277919769358e+00
-3.838391907215118248e+00
-3.819905993938446098e+00
-4.528969463258981420e+00
-3.785644727349281258e+00
-4.742622981071471955e+00
-4.706172883510589600e+00
-4.329760860949754431e+00
-5.663243157863616872e+00
-5.338408523402176975e+00
-5.756175210475921844e+00
-5.033828520961106001e+00
-5.762415666580199769e+00
-4.797927656099200355e+00
-5.208744468986988174e+00
-6.613957242965698313e+00
-6.648106946945190110e+00
-6.555346353054046560e+00
-7.377020690441131734e+00
-5.893300770674832378e+00
-7.435341448783874263e+00
-5.247260470390319398e+00
-7.572566266059875595e+00
-8.338505067825316530e+00
-1.614290490746498108e+00
-7.224996803998947392e+00
-7.967639054358005346e+00
-1.435571841895580403e-01
-4.614444166272878789e+00
-8.705469952821731638e+00
-9.140065612792968253e+00
-7.853048519343137635e+00
-8.134172501340508177e+00
-3.636804563328623896e+00
-3.112921514213085050e+00
-1.992055222690105376e+00
-9.054176731109619070e+00
-6.167155351936816743e+00
-2.886578588895499564e+00
-9.501582517623901936e+00
3.972767816483974368e+00
-6.649643417596816874e+00
-9.095233950242400667e+00
-5.400718072354793620e+00
-1.048814964016899509e+01
-7.799396447539329813e+00
-4.275170369893312561e+00
-7.109713127017021073e+00
-1.118015869162976728e+01
-2.918332655429840106e+00
2.454605436325073275e-01
1.840966992080211515e-02
-7.553776983469724371e+00
-7.233149916678667246e+00
-7.048386125564575444e+00
-3.954812994599342102e-01
7.307251049205660820e-01
4.826693508028984114e-01
-4.373278146088122931e+00
7.833691883161663760e+00
-8.579290123879909302e+00
4.961762452125549672e+00
-4.174014657735824474e-01
1.728244976401329014e+00
-4.940098548103123655e+00
-4.611086451411247289e+00
-3.119780153036117443e-01
-9.299919971227645021e+00
1.030612167418003100e+00
6.731667876243591309e+00
-1.081320932200178442e+00
3.598859049677848976e+00
1.603693008422851438e-02
2.935737199690192867e+00
5.334468545317649912e+00
-2.839372216165065854e+00
-2.542416135817766154e+00
-1.336173198103904802e+01
-3.860650985240936084e+00
-1.328123431736603344e+01
1.408366571821272295e+01
-2.959790017455816269e+00
-9.121160262227057558e+00
-1.428386037945747411e+01
-1.245730924382805860e+00
-2.495609218478202607e+00
-1.467823234260082188e+01
-8.335122350454330586e+00
1.368415972888469723e+00
-1.131855748521163996e+01
7.874222747199237205e+00
-1.234272625230252807e+01
-8.032441391535103392e+00
-9.119876602292060763e-01
7.715811661928892562e+00
7.671571545898914657e+00
7.189719859063625762e+00
-1.324901560008525792e+01
-4.691290950998664222e+00
-2.705634298920631231e+00
-7.774640663117170725e+00
-1.701404478788375840e+01
1.977296290516853361e+01
8.973260064721108265e+00
-1.245307104177772928e+01
-9.260268287807702947e+00
9.527732059359550476e+00
2.109359570145607155e+00
2.096219959914684239e+01
-1.195507683118106712e+01
-1.543221920281648618e+00
-1.414942498862743392e+01
-1.812075678482651719e+00
-1.676334268808365024e+01
-1.354479957893490827e+01
-2.798073339462280096e+00
-1.551397431537508886e+01
5.523593288064002849e+00
-4.746633048653603026e+00
4.845261793434620046e+00
2.855723357200622647e+00
6.364897260032594595e+00
7.827623700499534820e+00
-1.500078008651733441e+01
-1.324403146445751212e+01
2.174009748101234596e+00
8.814945676624775572e+00
5.888564361631869915e+00
-1.718145821094513082e+01
-6.614413988925516463e+00
-1.711971731740981184e+01
2.434060621786611733e+01
1.566891270617954390e+01
-4.958857948780059921e+00
2.896917938590049868e+00
-6.617261351495980826e+00
-1.848436765193939380e+01
-7.806784287318587090e+00
-5.093049083109945308e+00
-9.199685268793254878e+00
-5.820785057544708430e-01
-1.268734999597072566e+01
-1.440944451928138648e+01
-2.997526943497359930e+00
-1.078650099933147466e+01
-3.415475446283817273e+00
-7.098533773794770241e+00
-1.770606424856930872e+01
-2.056961816549301147e+01
-9.915864873938263102e+00
2.582903230771040270e+01
-7.891646399497985520e+00
-2.156236947298049955e+01
2.106204146573865543e+01
-1.756699040904641151e+01
-1.790515513777732792e+01
1.974981371760368365e+00
-8.849574574418365813e+00
4.933905952908098413e+00
-2.304169042587280103e+01
-1.077738091349601746e+00
-1.501495405584573817e+01
-6.201429464221000387e+00
-9.421028752624987845e+00
-1.345680338185280611e+01
-3.460580187290906995e+00
-1.349725495949387621e+01
-1.080530976802110743e+00
1.707278863816105385e+01
-2.196636188983917393e+01
-6.386148842275142457e+00
-2.321681979708373422e+00
-1.147964285075664570e+01
-5.497743168324231711e+00
-9.149468567315489409e+00
2.492221385836601133e+00
-3.692554550543427627e+00
7.479962180554866613e-01
1.139312792465090673e+01
-3.970735434941015995e+00
1.801301224604248929e+01
7.144398802518844960e+00
1.289209290763363214e+01
2.451615001208015698e+01
2.319475864824411104e+01
1.642568611234426612e+01
2.272560902747015277e+01
2.667930039008458465e+01
2.995916358347862030e+01
2.708559182540672694e+01
2.601598360257990095e+01
2.830253616944852979e+01
2.438092241992141140e+01
3.142830236245846010e+01
2.877503706514835358e+01
2.938126092624364460e+01
2.909195196861401200e+01
2.590210296852248106e+01
3.085613077487796474e+01
2.872361595115047450e+01
2.722681358154816067e+01
3.285172871773755787e+01
2.719496355501946283e+01
2.100418979814276099e+01
2.723932822412107058e+01
2.998114738822486203e+01
2.685722083107727443e+01
2.807774501241696186e+01
2.248511535644531278e+01
2.386300651550293139e+01
2.535985859408974719e+01
2.361221829712390985e+01
2.372120227973908158e+01
5.745825212411582505e+00
2.170486289031803651e+01
2.073305272654630116e+01
2.715446742198296803e+01
2.274692851583473541e+01
2.149215186595916904e+01
2.673550072491546103e+01
2.103900236256420442e+01
2.496071947674925795e+01
2.426712364057945592e+01
2.591046531187205204e+01
2.265271290071308741e+01
2.657414974970153665e+01
2.230451566576957845e+01
2.127063002347946252e+01
2.777077770688731206e+01
2.006539656802227611e+01
2.905514465234218591e+01
2.850692128727895280e+01
2.836875072562986233e+01
2.502043978958390724e+01
1.979916600352153111e+01
1.936419474959373588e+01
2.000951458838768460e+01
2.738399131773266859e+01
2.567000889755421866e+01
1.878235051497816954e+01
2.555675904126837850e+01
1.877160953402519183e+01
1.858495212674140973e+01
1.744980136863887310e+01
2.126017838995903730e+01
1.762628513306379219e+01
2.367239965277970981e+01
2.252589279677740919e+01
1.522043621420860227e+01
2.410390184470947617e+01
2.360000449951778023e+01
1.597893629455938935e+01
1.121649627152830320e+01
1.481879715818911869e+01
1.514233191797927880e+01
2.031890311162426954e+01
2.114887753604379839e+01
1.405419722020626061e+01
1.916325689825469070e+01
1.340404964655637698e+01
1.289325026952661624e+01
1.319859591856598868e+01
1.394057901164516799e+01
1.788088616023781441e+01
1.695872214345616413e+01
1.162918175119906650e+01
2.207296538110194462e+01
7.236628865463691440e+00
1.070303242316469472e+01
1.122254253678023872e+01
4.259117142384887700e+00
1.121196487599983804e+01
1.255078333902238619e+01
-6.393088972654895619e-01
1.493317759880818585e+01
1.977832718713338878e+01
1.022616404697298975e+01
6.289740554431331176e+00
2.917276275428858590e+00
8.623206576406955648e+00
8.448196638375520706e+00
9.697215347932651497e+00
2.853551395769630350e+00
1.687187035092049214e+01
7.679746883027255500e+00
1.197049306180253225e+01
6.957966498574432279e+00
1.643871114950987433e+01
1.651677377991102347e+01
1.660063146942782097e+01
6.385128135187551734e+00
1.517034912641559252e+01
1.191606871028299125e-01
5.370721219182014394e+00
5.659872070401906541e+00
9.721703575191538604e+00
6.860442153811455057e+00
7.000451480522752234e+00
8.237326688170433897e+00
1.084454051891098914e+01
1.144432981398408877e+01
4.469271303098648396e+00
6.490174400508403885e+00
1.414784334897540674e+01
3.286537373587488986e+00
5.849084562063216808e+00
4.148114899743814199e+00
1.407575219487532614e+01
2.386572779491543894e+00
2.904912439286708725e+00
5.300743930302560081e+00
5.048471862450242043e+00
3.986023618755861975e+00
2.834714383222162848e+00
1.461769550852477506e+00
4.254702594379195624e+00
4.340676326174288668e+00
1.437684329077601353e+00
2.585819844044745075e+00
2.699287957698106588e-01
2.293505736710503840e+00
6.072591450810432834e-01
3.073378633260726911e+00
1.958262174390256405e+00
1.971539880707859904e-01
-4.471311211585998757e-01
1.948064401745796259e-01
4.078994049876928374e-01
2.216254269732162552e+00
-1.044292012881487652e+00
6.728120413273573241e+00
-2.225507256388664368e-01
1.469029156293719929e+01
1.132380433678627085e+01
1.613598377227783232e+01
-2.286941339299082721e+00
1.053079971045557173e+01
8.112703109952224878e+00
1.060272770151495969e+01
-1.110104967392981035e+00
1.344824055179953604e+01
-3.109374708719551350e+00
7.951687891929470453e+00
8.223012089729309082e-01
8.116556557714938336e+00
1.152780370518565256e+01
9.530780593752860241e+00
-3.500023395493626399e+00
5.218485912829637918e+00
5.419823706373572136e+00
7.260746644060943389e+00
9.820587868873889903e+00
5.500623159706592880e+00
5.341555377021432349e+00
9.164434150245153177e+00
9.669545179493725939e+00
4.651168307736515573e+00
6.189307399392127707e+00
6.083049520850181580e+00
1.272689832553267486e+01
8.520672527849674438e+00
6.174939264387345972e+00
5.976183179318905303e+00
1.252093127086758528e+01
8.021029368042945862e+00
4.206272654491476359e+00
4.322588957913028551e+00
6.035612713396549367e+00
9.429880397096276567e+00
5.444618374817073558e+00
9.500587615519762608e+00
1.168657878115773130e+01
8.923201206773519800e+00
5.113058663010597193e+00
6.346378011777996875e+00
5.452039433270693181e+00
6.514878009557723892e+00
2.969743224640129853e+00
5.643947514370084129e+00
6.347658628411591231e+00
2.807803962318623725e+00
5.211128641642741144e+00
6.593220044112374723e+00
8.963714215867220503e+00
5.546818443007402344e+00
4.611269277501850894e+00
9.503191274553536516e+00
5.270061147324740958e+00
4.859266769513487461e+00
6.889245178811251868e+00
8.258314109891653487e+00
8.187196452319621898e+00
6.230048426836728659e+00
8.185251634195447323e+00
8.352669174224137905e+00
8.508719245716928725e+00
8.335521383881568269e+00
7.339250063449144434e+00
7.320982922413386440e+00
7.463943074755370333e+00
5.981012041270733270e+00
5.678900497592985985e+00
5.790553611554205560e+00
6.752917889058590362e+00
6.549343462276738137e+00
5.736901445463299609e+00
6.172734467629343413e+00
6.744559583216905629e+00
4.696531078591942965e+00
2.253319014068692727e+00
2.180510550774633849e+00
4.962631322890519669e+00
2.624237466752529002e+00
2.445004792362451607e+00
1.848627913445234361e+00
2.348505063988268304e+00
1.568789569735526968e+00
1.840304186120629293e+00
1.826614855777006552e+00
3.393237831418518979e+00
2.116885767430066956e+00
3.636894108466803832e+00
1.189262387603521320e+00
9.038890828751027229e-01
3.423706457596272124e+00
2.394456343650817942e+00
2.506032823249697561e+00
3.395868330374359978e+00
1.112291584867052707e+00
8.569333446770905915e-01
5.078495015576481864e-01
1.465189682841300911e+00
8.210085456445813668e-01
8.675705819181166456e-01
-4.173946941643953412e-01
-1.715529502555727948e-01
7.062783991917968018e-01
9.135040501505136135e-01
-2.257573617999442117e+00
-1.918739271326921791e+00
-3.492261871695518521e-02
-1.119629589454270935e+00
-1.126467507891356912e-01
-9.139486224146093907e-01
-2.268362945318221913e-01
-6.551496595836943104e-01
-1.610019388366490611e+00
-7.191751643680618367e-01
-2.018049505699891721e+00
-2.297837425054458649e+00
-1.894733901619911176e+00
-1.692186262607574543e+00
-1.765799853801727215e+00
-2.668251737356186037e+00
-3.423039456704427774e+00
-3.129057967402041118e+00
-2.619755747037415983e+00
-2.938417193579953235e+00
-4.090213166636821995e+00
-3.549559343010187273e+00
-3.708743887692689700e+00
-3.421920611262321277e+00
-4.354800824224948741e+00
-4.792250322699547205e+00
-4.401358048021793756e+00
-5.306194498697295536e+00
-4.472862770557403778e+00
-4.616498644892126357e+00
-6.228330938313156651e+00
-6.124844937422312618e+00
-5.336919999122619274e+00
-5.789119820445775666e+00
-5.668159773200750706e+00
-6.609008739069103910e+00
-6.178359429836273620e+00
-6.227302014827728271e+00
-6.224253175258636084e+00
-6.474992926120758163e+00
-6.960259463787078715e+00
-7.268896053731441320e+00
-5.269548113234341358e+00
-6.642029661880806124e+00
-6.596933704961556622e+00
-7.758782815411686684e+00
-7.785554250031709422e+00
-7.108311772942543350e+00
-7.573489621051121112e+00
-7.375882028043269756e+00
-8.277916019707918238e+00
-9.321400854587555074e+00
-8.273945746580139371e+00
-8.383152262493968720e+00
-8.385235199797898886e+00
-8.679824496638030240e+00
-9.647090215682982972e+00
-8.666018013115971641e+00
-1.012392759561538647e+01
-9.693341631889342835e+00
-9.346273271143436645e+00
-8.999443612449541163e+00
-1.077955318450927713e+01
-1.037055853366851821e+01
-1.042982208251953047e+01
-9.854980640411376669e+00
-1.088841016948223128e+01
-1.123715677261352575e+01
-9.879048024415970630e+00
-7.869313254356383958e+00
-1.031542288243770678e+01
-1.060484159708023100e+01
-1.234338302135467558e+01
-8.732607538700102978e+00
-1.231419501781463666e+01
-1.319833415508270313e+01
-1.107571182370185880e+01
-1.330975310802459788e+01
-1.109226844429969816e+01
-1.115334040045738284e+01
-1.167020173311233577e+01
-1.188403190374374319e+01
-1.149822682857513456e+01
-1.170867584943771433e+01
-1.147334886312484770e+01
-1.213109260320663374e+01
-1.307240408182144087e+01
-1.331131685018539379e+01
-1.217219494104385369e+01
-1.236001606464385993e+01
-1.233193950176239007e+01
-1.578294377803802462e+01
-1.314688474178314159e+01
-1.279318763017654348e+01
-1.283940690040588350e+01
-1.650592389106750346e+01
-1.376248459339141839e+01
-1.662272704124450584e+01
-1.400608636856079059e+01
-1.659884301662444983e+01
-1.439282757043838501e+01
-1.476253522872924862e+01
-1.426385054826736365e+01
-1.744818998813629207e+01
-1.406772695064544720e+01
-1.570817973852157579e+01
-1.507795954227447588e+01
-1.866810104370117074e+01
-1.860808264255523525e+01
-1.855008835792541433e+01
-1.880515089035034038e+01
-1.887082685470581112e+01
-1.870604286193847798e+01
-1.543615315437316937e+01
-1.543668451786041196e+01
-1.943239954948425208e+01
-1.952588871955871497e+01
-1.947604051589965835e+01
-1.632124516487121468e+01
-1.948281369209289693e+01
-2.023277407646179071e+01
-2.035645111083984204e+01
-2.032359189987182546e+01
-2.056646519660949579e+01
-1.717393151760101233e+01
-1.840544295310974121e+01
-2.112464094161987305e+01
-2.038927049636840749e+01
-1.847530541419983052e+01
-1.843672419548034824e+01
-2.177423819541931138e+01
-2.205079437255859531e+01
-1.891567627906799487e+01
-2.199110743522643929e+01
-1.933594326972961497e+01
-2.196538528442382798e+01
-2.117072610855102610e+01
-1.968525076866150059e+01
-1.922312688350677590e+01
-2.262341211318969769e+01
-2.270228457450866699e+01
-2.134079018592834487e+01
-2.111690227508545092e+01
-1.836921882629394531e+01
-2.269402336120605312e+01
-1.949072596549987679e+01
-2.086122603416442800e+01
-2.048189315795898580e+01
-2.351980278968811078e+01
-1.947144680023193430e+01
-2.422515616416931294e+01
-2.106885844230651728e+01
-2.113853595733642621e+01
-2.131125583648681499e+01
-2.008787627220153738e+01
-2.492704640388488713e+01
-2.096096141815185376e+01
-2.506418474197387525e+01
-2.116996791839599723e+01
-2.502454762458801341e+01
-2.246479775905608989e+01
-2.554256500244140682e+01
-2.108787776470184383e+01
-2.175548130989074735e+01
-2.095533001899719139e+01
-2.360451110839843736e+01
-2.357224900245666532e+01
-2.304575732707977309e+01
-2.393444379329681482e+01
-2.614536438941955510e+01
-2.726852950096130357e+01
-2.436723503112792955e+01
-2.468413684844970746e+01
-2.349423895835876408e+01
-2.689508219718933191e+01
-2.408418336391449088e+01
-2.362383059978485278e+01
-2.418794141292572064e+01
-2.461681106567382926e+01
-2.163095063493963011e+01
-2.425020138263702307e+01
-2.403439613342285242e+01
-2.222137697411592683e+01
-2.184600651958001194e+01
-2.233571725673776598e+01
-2.401754277229309054e+01
-2.668557535171508732e+01
-2.634285914421081642e+01
-2.274560480065398238e+01
-2.566080018997192269e+01
-2.343032393088707721e+01
-2.686481370925903178e+01
-2.340198734864831565e+01
-2.753912633895874151e+01
-2.358038295539649809e+01
-2.758463305473327765e+01
-2.667259954452514492e+01
-2.416238228321075354e+01
-2.364144094467162915e+01
-2.713128466606140066e+01
-3.020217659950256461e+01
-2.451306714057922420e+01
-3.044083205223083510e+01
-2.743221360206603876e+01
-2.766369899749755845e+01
-2.684972025871276813e+01
-2.542738361127915070e+01
-2.879463488578796415e+01
-2.492815393447876104e+01
-2.642827266693115362e+01
-2.537496807177861413e+01
-2.613438227548764559e+01
-2.906357912063598548e+01
-2.546246933063287443e+01
-2.550628074238644416e+01
-2.590176431250177203e+01
-2.923115608215331918e+01
-2.963988899230956875e+01
-2.618783880770206451e+01
-2.676114426877911612e+01
-2.641773208759350311e+01
-2.927579323768615893e+01
-3.019923169136047392e+01
-2.643967054333797861e+01
-2.650822083676447605e+01
-2.834902129173278951e+01
-3.023916112899780373e+01
-3.002062571525573631e+01
-2.685198860182318725e+01
-2.626233144580490020e+01
-2.733455929499186610e+01
-3.046728850364685215e+01
-2.707867749532063684e+01
-2.653617695588914316e+01
-2.813799436201298931e+01
-2.805713714872087650e+01
-2.664226690321992308e+01
-3.407351879119872962e+01
-2.694643466962727629e+01
-2.746291562673208020e+01
-2.789042270779609822e+01
-2.770562118856159017e+01
-2.824319553517160131e+01
-2.710502244388989723e+01
-2.694682619467987550e+01
-3.304299632072448389e+01
-2.363182927131652988e+01
-2.674302623748779340e+01
-2.864259058237075806e+01
-2.737870004593607831e+01
-2.769153077999750678e+01
-2.838475301243909854e+01
-2.756675603113121653e+01
-2.707325623057237607e+01
-2.998052158571304204e+01
-2.935513107945932987e+01
-2.717759873963504802e+01
-2.865616340221780689e+01
-3.430003145217895621e+01
-2.858192088024956945e+01
-2.869282856115005131e+01
-2.775257578103438760e+01
-2.769921560830707818e+01
-2.774808062652924079e+01
-2.900409533348551605e+01
-2.791771996429850944e+01
-3.034923093779045189e+01
-2.826089449499890094e+01
-2.719425493478775024e+01
-2.867977475654333830e+01
-2.755999295180102493e+01
-2.879777383172150707e+01
-3.087958915599367771e+01
-2.981749468785853452e+01
-2.841973945669307966e+01
-3.049373112256462548e+01
-3.090999247656752758e+01
-2.797212408048025623e+01
-3.165159950042382420e+01
-3.163816754263677566e+01
-2.957524197060486415e+01
-3.117102576931070956e+01
-3.148265258986273096e+01
-3.149418436935969723e+01
-3.077933384837775321e+01
-3.618644991874694483e+01
-3.664142293930053995e+01
-3.542509785652160303e+01
-3.114981986909377909e+01
-3.319318774389103055e+01
-3.751714210510253622e+01
-3.530264587402344034e+01
-3.161648845488642579e+01
-3.120946661920258336e+01
-3.087513082563877020e+01
-3.168117756502968874e+01
-3.691318088531494368e+01
-3.514435252428054923e+01
-3.880978706359863395e+01
-3.683954680442810314e+01
-3.797420333862304886e+01
-3.329643383748987873e+01
-3.305954375416040136e+01
-3.483056845751247721e+01
-3.198781475900140947e+01
-3.645929328918457202e+01
-3.934338964462280330e+01
-3.329657140339121923e+01
-3.336728699282286215e+01
-3.228271536488790616e+01
-3.376389478067674332e+01
-3.208688021782938904e+01
-3.351983665507286503e+01
-3.235089135598646237e+01
-3.093107165815308690e+01
-3.440731863975524618e+01
-3.353934449576712495e+01
-3.353281447559059814e+01
-3.659273570060729952e+01
-3.154181342755538964e+01
-3.784416948318481388e+01
-3.013739166851554430e+01
-3.530253825422212088e+01
-3.289587401840594083e+01
-3.223451118394732617e+01
-3.930385532379150249e+01
-3.268231960554627591e+01
-3.360960789502431112e+01
-3.256723285059339190e+01
-3.333030522614717484e+01
-3.295008988178481957e+01
-3.006344593395845166e+01
-3.271857388074101891e+01
-3.375255474931207544e+01
-3.405984135971150550e+01
-3.345739622121932655e+01
-3.313512632419877235e+01
-3.420299244197931898e+01
-3.376538001347638129e+01
-3.295387202844607799e+01
-3.451922802552580549e+01
-4.083540746688842660e+01
-3.352576246839246465e+01
-3.969735297203064306e+01
-3.454046767128973272e+01
-3.434459162215392070e+01
-4.322509548187255746e+01
-4.240404588699340849e+01
-4.213681701660156165e+01
-4.309983654022217081e+01
-4.370892211914062386e+01
-4.343355613708496321e+01
-4.283676893234252958e+01
-4.044417661666869890e+01
-4.411478179931640398e+01
-4.396065860748291243e+01
-4.316458034515380859e+01
-4.428436864852905330e+01
-4.390356834411620923e+01
-4.404480592727661303e+01
-4.433221944808960302e+01
-4.425640398025512923e+01
-4.530942188262939396e+01
-4.540775499343872212e+01
-4.437648239135742045e+01
-4.542647817611694450e+01
-3.743495944764588046e+01
-4.458417011260986129e+01
-4.524608646392822209e+01
-4.426593729019165124e+01
-4.407029958724975671e+01
-4.558161987304687557e+01
-4.567355091094970732e+01
-4.353977338790893725e+01
-4.529059856414794893e+01
-4.504999137878417770e+01
-4.237498047828674430e+01
-4.416311222076416243e+01
-4.542242052078247383e+01
-4.404576068878174055e+01
-4.586284549713134595e+01
-4.579037261962890426e+01
-4.558663032531737969e+01
-4.552860322952270167e+01
-4.515786111831665295e+01
-3.871709597983745965e+01
-3.755727250640456560e+01
-3.537837578600912281e+01
-3.926532818991690732e+01
-3.370044014028838575e+01
-4.595106225967407454e+01
-3.512424293644407669e+01
-3.793690279287260836e+01
-4.537056276321411019e+01
-3.969565679843609018e+01
-3.951731713177574790e+01
-3.458554857767234125e+01
-3.865311063920831458e+01
-3.636830848141959649e+01
-3.322487439079718285e+01
-3.959035365332345435e+01
-3.705620738418623006e+01
-3.313163409643193802e+01
-3.402440359443426132e+01
-4.875245241165161048e+01
-3.281434975487405126e+01
-4.112910964429378424e+01
-3.619407954174710795e+01
-3.360414375722407954e+01
-3.416595052336824523e+01
-3.995006945401586052e+01
-3.271956484789376418e+01
-3.248337709797279871e+01
-3.435286909190274685e+01
-3.451564091198223139e+01
-3.838352408221789602e+01
-3.454520713620715355e+01
-3.547643390679970565e+01
-3.336111827979805611e+01
-3.526848930448566932e+01
-4.891570596694946005e+01
-3.276973257479311741e+01
-3.462450518745642114e+01
-3.788932586871558783e+01
-4.876454957962036474e+01
-4.933379894256592024e+01
-4.944739511489868278e+01
-3.625720192783886375e+01
-3.252378080681312866e+01
-4.036700782817223399e+01
-3.532113629833180823e+01
-3.328956155564593189e+01
-3.517208223541577894e+01
-3.925616243666848248e+01
-4.959674463272094869e+01
-3.228489532061787770e+01
-5.013721519470215071e+01
-3.858387282308604682e+01
-5.003665626525879162e+01
-3.828889709188226931e+01
-3.493993230703028985e+01
-5.023471965789794780e+01
-5.033145511627197521e+01
-5.066725736618042220e+01
-5.026738302230835131e+01
-5.042508483886718551e+01
-5.059246477127075536e+01
-5.088182661056518441e+01
-5.062028833389282312e+01
-5.050094512939453040e+01
-3.420190833930087848e+01
-3.488378154972325262e+01
-5.067595291137695312e+01
-5.091432092666625664e+01
-3.194741147674702120e+01
-5.113612909317016886e+01
-5.092087671279907113e+01
-5.099365732192993050e+01
-5.076242868423462085e+01
-5.098576354980468750e+01
-3.571932422742247581e+01
-5.149418806076050004e+01
-3.799673559547167656e+01
-3.169159237111315974e+01
-3.965983320692342318e+01
-3.783723229595592841e+01
-4.392281078733503819e+01
-5.040199411392212170e+01
-4.270894794623944790e+01
-4.757259374618530501e+01
-5.199579816818237532e+01
-4.154432255098189586e+01
-4.634041507959366157e+01
-4.137249753117561113e+01
-4.128607353206837161e+01
-5.240636318206787081e+01
-5.232369396209716683e+01
-3.786165646644252547e+01
-5.267358747482299464e+01
-4.284580355173065414e+01
-4.580356559753418111e+01
-5.243233274459839066e+01
-3.207647055963223437e+01
-3.254137864010674264e+01
-3.118011271824007480e+01
-5.281199285507202035e+01
-3.704270426423141771e+01
-3.433601777011698175e+01
-5.293427080154418718e+01
-4.731225384712219295e+01
-5.333279209136962606e+01
-5.321818012237548601e+01
-5.424698266983032369e+01
-5.449689369201659872e+01
-5.374973430633544780e+01
-5.479181137084960795e+01
-5.458873661041259595e+01
-5.388538713455200480e+01
-5.386470165252685405e+01
-5.403491228103637667e+01
-5.371492891311645224e+01
-5.436493631362915124e+01
-5.489142040252685462e+01
-5.482531112670898210e+01
-5.516091058731078789e+01
-5.466209680557251005e+01
-2.231362686157226705e+01
-5.391529579162597940e+01
-5.421219894409179574e+01
-5.541534027099609716e+01
-5.575187847137451058e+01
-5.583068931579590100e+01
-5.547039503097533952e+01
-5.480575016021728629e+01
-5.566662305831908952e+01
-5.576219709396362134e+01
-5.594560031890868856e+01
-5.576035837173461829e+01
-5.582244323730468949e+01
-5.575665203094482081e+01
-5.604476079940796041e+01
-5.595242338180541708e+01
-5.608847465515136577e+01
-5.585728969573974467e+01
-5.587575660705566349e+01
-5.610862333297729521e+01
-5.608541904449462834e+01
-5.604300615310668832e+01
-5.585316425323486555e+01
-5.604820331573486669e+01
-5.588104703903198356e+01
-5.561799530029296790e+01
-5.580269100189209297e+01
-5.589201374053955362e+01
-5.592053287506103487e+01
-5.635682388305664148e+01
-5.624160718917846680e+01
-5.632254144668578988e+01
-5.616129959106445568e+01
-5.616461843490600359e+01
-5.646601736068725330e+01
-5.651302688598632784e+01
-5.633802944183349837e+01
-5.661733442306518782e+01
-5.618211938858032539e+01
-5.536619459152221623e+01
-5.536334590911864950e+01
-5.526615499496460160e+01
-5.629331308364868391e+01
-5.694977088928222742e+01
-5.727544235229492386e+01
-5.636625936508178825e+01
-5.721148792266845362e+01
-5.624140697479248274e+01
-5.664444869995116960e+01
-5.636869190216064140e+01
-5.693822961807251204e+01
-5.633933109283447038e+01
-5.655614143371582259e+01
-5.695258609771728686e+01
-5.697776525497436495e+01
-5.677688167572021172e+01
-5.717741502761840877e+01
-5.605934818267822095e+01
-5.675448225021361992e+01
-5.696486198425292713e+01
-5.696185373306274613e+01
-5.695477565765381200e+01
-5.688679405212402429e+01
-5.687661245346069450e+01
-5.698946289062499915e+01
-5.678287429809570597e+01
-5.694673339843750171e+01
-5.682879104614257670e+01
-5.686459836959839009e+01
-5.609637485504150334e+01
-5.581916574478149329e+01
-5.569782691955566634e+01
-5.594349271774292021e+01
-5.598651977539062585e+01
-5.505481763839721765e+01
-5.522237167358398580e+01
-5.546307806015014563e+01
-5.595911540985107280e+01
-5.503791244506835767e+01
-5.473506706237792940e+01
-5.499285932540893640e+01
-5.423102668762206946e+01
-5.534518676757812727e+01
-5.324957790374755717e+01
-5.306131771087646598e+01
-5.434105844497680948e+01
-5.346388378143310405e+01
-5.434324520111083956e+01
-5.399778329849242908e+01
-5.364541736602782862e+01
-5.314044311523437614e+01
-5.416394235610962227e+01
-5.456422548294067099e+01
-5.499456697463989485e+01
-5.560585453033447578e+01
-5.528090518951415788e+01
-5.525743890762328903e+01
-5.597299745559692496e+01
-5.545799425125122184e+01
-5.526743053436279496e+01
-5.585583951950073356e+01
-5.486674180984496729e+01
-5.507215000152587692e+01
-5.538420934677124308e+01
-5.427791275024414119e+01
-5.470533435821533175e+01
-5.489840826034546239e+01
-5.436040573120116903e+01
-5.490719873428344755e+01
-5.436271610260009624e+01
-5.417316223144531051e+01
-5.406970258712768640e+01
-5.389295717239379968e+01
-5.403968454360961715e+01
-5.477315792083740575e+01
-5.429315759658813789e+01
-5.509612651824951257e+01
-5.481760847091674549e+01
-5.465070205688476790e+01
-5.498282278060913342e+01
-5.402800569534301900e+01
-5.434221836090087976e+01
-5.413191930770874194e+01
-5.472462173461914148e+01
-5.471670223236083785e+01
-5.487218528747558821e+01
-5.498182750701904098e+01
-5.467412132263183366e+01
-5.478536355972290295e+01
-5.511805383682251147e+01
-5.556440013885497820e+01
-5.555676471710204822e+01
-5.564742256164550582e+01
-5.520252189636230611e+01
-5.531898529052734403e+01
-5.522124021530151339e+01
-5.557563150405884045e+01
-5.523745956420898295e+01
-5.517785316467285384e+01
-5.517286006927490405e+01
-5.549279321670532283e+01
-5.554704168319702262e+01
-5.552293466567993363e+01
-5.645937419891357223e+01
-5.644637811660766857e+01
-5.741821950912475359e+01
-5.640721328735351392e+01
-5.717054166793823100e+01
-5.833199859619140426e+01
-5.778750314712524272e+01
-5.656873146057128565e+01
-5.788700286865234546e+01
-5.802990390777588203e+01
-5.787926027297973519e+01
-5.614003070831299169e+01
-5.627435945510864457e+01
-5.615780401229858398e+01
-5.872193256378173487e+01
-5.722741615295409900e+01
-5.872383224487304432e+01
-5.526458141326904183e+01
-5.896376295089721964e+01
-5.886468601226806641e+01
-5.650882026672363168e+01
-5.910136428833007471e+01
-5.906732217788696460e+01
-5.625581697463989173e+01
-5.695694021224975501e+01
-5.654312692642211857e+01
-5.934775236129760856e+01
-5.742541803359985408e+01
-5.807877765655517521e+01
-5.706292589187621900e+01
-5.714789018630981587e+01
-5.746659217834472599e+01
-5.765672946929931442e+01
-5.957987834930420235e+01
-5.936537500381469812e+01
-5.975487894058227312e+01
-5.980787614822387610e+01
-5.936550416946410991e+01
-5.793271732330322266e+01
-5.772585418701171989e+01
-5.958621007919311552e+01
-6.010510967254638359e+01
-6.054397792816162394e+01
-6.039696104049682646e+01
-5.821332414627075025e+01
-5.828797199249267891e+01
-5.957878187179565543e+01
-5.850349943161010913e+01
-6.094251224517822152e+01
-5.943736330032348292e+01
-6.067848917007446374e+01
-6.068828107833862617e+01
-5.860961427688598491e+01
-5.889577877044677479e+01
-5.867164323806762383e+01
-6.110725713729858199e+01
-6.059431228637695455e+01
-5.788066545486449854e+01
-6.083346858978271143e+01
-5.942974853515625000e+01
-5.799142677307128935e+01
-5.801426042556762752e+01
-6.106093702316284322e+01
-5.793555244445801122e+01
-6.084060579299926985e+01
-6.062742113113403519e+01
-5.784666896820068160e+01
-5.871280557632446317e+01
-5.700295680999755632e+01
-5.694103649139404411e+01
-5.689987857818603345e+01
-5.727807643890380973e+01
-5.758687728881835710e+01
-5.566584516525268356e+01
-5.500052364349365064e+01
-5.535206436157226761e+01
-5.788528184890746786e+01
-5.539658603668213033e+01
-5.790038579940795671e+01
-5.549868833541869861e+01
-5.601590763092040959e+01
-5.415103530883789062e+01
-2.410023946762084890e+01
-5.811135690689086886e+01
-5.441818366050720357e+01
-5.284486215591430636e+01
-5.775077938079834183e+01
-5.202797398567199849e+01
-5.357492807388305778e+01
-5.213704871177673539e+01
-5.772960802078247156e+01
-5.420738865852356270e+01
-5.719260950088501261e+01
-5.779982536315917940e+01
-5.250006663322448475e+01
-5.209592794418335160e+01
-5.365624409675598372e+01
-5.226655230522155904e+01
-5.821520450592041129e+01
-4.999734318733215588e+01
-5.062070333480834705e+01
-5.749240993499756058e+01
-5.189977561950683338e+01
-5.130910153388977335e+01
-4.984831929206848145e+01
-5.049435337066650220e+01
-5.825703186035156023e+01
-5.768970939636230355e+01
-5.094940854072570602e+01
-5.191028724670410099e+01
-4.972519321441650675e+01
-5.110038455963135107e+01
-4.960881224632262843e+01
-5.062339787483215048e+01
-5.008680016517639189e+01
-5.055251547813415414e+01
-5.829351633071899386e+01
-5.074172099113464185e+01
-5.001696796417236612e+01
-5.031150021553039409e+01
-4.910647125244140909e+01
-5.078233323097229146e+01
-5.168893835067748910e+01
-5.026935392379760970e+01
-4.847887254714965621e+01
-5.118337151527404671e+01
-4.943630917549133130e+01
-4.927887635231017782e+01
-4.848958988189697550e+01
-4.901666949272155449e+01
-4.853329101562499659e+01
-5.830458383560180380e+01
-4.787071463584899789e+01
-4.742410247802734347e+01
-4.797931357383728113e+01
-4.754743868827819853e+01
-4.684089131355285929e+01
-4.775264352798461687e+01
-4.767706421852111731e+01
-4.721843570709228288e+01
-4.918442179679870918e+01
-4.922935258865356190e+01
-4.785739942550659265e+01
-4.862970257759094039e+01
-4.870007079124450655e+01
-4.812766715049743738e+01
-4.972548856735229350e+01
-4.902001503944396887e+01
-4.835035840988159350e+01
-4.921859533309936552e+01
-4.870354094505309916e+01
-4.778211467742919893e+01
-4.763597281455993482e+01
-4.662383624076843347e+01
-4.591568354606628333e+01
-4.605187272071838578e+01
-4.622872373580932504e+01
-4.572745158195495918e+01
-4.645349289894104317e+01
-4.651569193840026628e+01
-4.472879368782043485e+01
-4.273104296684265080e+01
-4.365766687393188761e+01
-4.492394423484802246e+01
-4.307287777900695858e+01
-4.395557563781738253e+01
-4.460802287101745378e+01
-4.549416276931762582e+01
-4.428287915229797278e+01
-4.448656894683838203e+01
-4.392181262969970845e+01
-4.371353621482849405e+01
-4.464393260002136543e+01
-4.615279296874999915e+01
-4.483306454658508500e+01
-4.959736770629882585e+01
-4.907275682449341048e+01
-4.322185201644897745e+01
-4.641592158317565975e+01
-4.656247431755065946e+01
-4.209000031471252612e+01
-4.395259723663330220e+01
-4.330701938629150050e+01
-5.415219139099121293e+01
-4.726891252517700082e+01
-4.139253253459930448e+01
-4.499786090850830078e+01
-4.484999322891235352e+01
-4.330453458786010401e+01
-4.382744806289672823e+01
-4.204567804336547709e+01
-4.103256538391113395e+01
-4.552573410034179346e+01
-4.457285693168640250e+01
-5.442574104309082372e+01
-4.240044800177314954e+01
-4.118645382881164352e+01
-4.576394501660723790e+01
-4.225219042778014966e+01
-4.632628770363636761e+01
-4.360455706540275855e+01
-4.243641053423096565e+01
-4.208199377536773511e+01
-4.553192335883776565e+01
-4.517867071666415058e+01
-4.603267981504139073e+01
-4.652273536682128707e+01
-4.604097085217244967e+01
-4.536722304333340361e+01
-5.225634004592895820e+01
-4.413417860031128015e+01
-4.617731508935332840e+01
-5.746200511932372734e+01
-4.491219850301742866e+01
-4.754652059852303125e+01
-4.446179203361497656e+01
-5.205996861457824565e+01
-5.031210828781127731e+01
-5.314545132637024238e+01
-4.508409841537475415e+01
-5.162263796806335137e+01
-5.664770925521850842e+01
-4.975970892906188681e+01
-5.482198107719421643e+01
-4.159602791309356462e+01
-5.510346286773681612e+01
-5.576834932327270167e+01
-5.492813495635986243e+01
-4.970258076667785474e+01
-4.706293285318783148e+01
-5.502267492294311779e+01
-5.694302042007446119e+01
-4.794261492777615530e+01
-5.017558755846910401e+01
-5.042519115402313190e+01
-5.617925315856933821e+01
-5.556550481796264762e+01
-4.737474818348884753e+01
-4.439554644212490331e+01
-4.800973632353909437e+01
-4.503406854636478585e+01
-5.027480508883794386e+01
-5.060382267598355810e+01
-5.675080463409423714e+01
-5.462099797248840360e+01
-4.890213144779205123e+01
-4.980692173242569254e+01
-4.955734694876321811e+01
-4.900676392555237015e+01
-4.945672489621422585e+01
-5.072821620270445919e+01
-5.102318450309135045e+01
-4.748836384862661220e+01
-4.759744744630236113e+01
-5.764499258041382035e+01
-4.574084939002990779e+01
-5.322413294792175265e+01
-5.683018800735473519e+01
-5.510041986465454045e+01
-5.120757338523864632e+01
-5.822544956207275391e+01
-4.390054283083462394e+01
-4.661625954586190090e+01
-4.666869109139150851e+01
-4.529380964253046926e+01
-4.582283618019239668e+01
-4.859782820868204567e+01
-4.785159079245994462e+01
-4.565089547551340843e+01
-4.627241358545519034e+01
-4.718902573046776183e+01
-4.734633771036610739e+01
-4.695905260132543901e+01
-4.662947476767003252e+01
-4.679127866109745781e+01
-4.562279382467269784e+01
-4.849969950205163371e+01
-4.707459331262185742e+01
-4.559059082418680475e+01
-4.590486078262328817e+01
-5.789608407974242965e+01
-4.471692307992856996e+01
-4.590547325611114360e+01
-4.729822601095030876e+01
-4.679408649228653871e+01
-4.162793990383224951e+01
-4.594660742759704419e+01
-4.374540856422916590e+01
-4.396482075717714366e+01
-4.683218911913938598e+01
-4.689965184007076715e+01
-4.357963622808456705e+01
-4.013990382989247507e+01
-4.319573845521153999e+01
-4.472778875968471368e+01
-4.336666886918246888e+01
-4.560548565864562676e+01
-4.276616837238443480e+01
-3.955823971762468716e+01
-4.249289086652365910e+01
-4.366759152923311404e+01
-4.281753434251238133e+01
-4.045572287267124523e+01
-4.039191621820131672e+01
-3.818220967131276211e+01
-4.571693337440490978e+01
-4.269520549650316354e+01
-4.303586581265422950e+01
-4.131929580837685734e+01
-4.493704658398154095e+01
-4.478754596901303842e+01
-3.898864441089982336e+01
-4.155310330927048312e+01
-4.248524353858353209e+01
-4.237418211404891366e+01
-4.235480184097812639e+01
-4.271324210720403158e+01
-4.160503143832187334e+01
-4.205913003744750256e+01
-4.283638420898248000e+01
-4.161903605912493020e+01
-4.175955853446737365e+01
-4.159847168530429684e+01
-4.197772805623605308e+01
-4.241370187565270555e+01
-3.830643514209450728e+01
-4.269033423747787737e+01
-4.104616828658827643e+01
-1.980653462712379209e+01
-4.187972898677818989e+01
-4.078709927850029260e+01
-4.448865991103939876e+01
-4.566252832478946999e+01
-4.041399246659771904e+01
-4.265085521227672416e+01
-4.246368015378959626e+01
-4.199117175300242621e+01
